 A B C from UIN
a=2 b=1 c=3
Tair=   290.000 K, hair=   290.069 kJ/kg
lambda=     3.300
Thot=   960.000K, hhot=  1022.587 kJ/kg
cpair=   1.00024 kJ/(kgK), cphot=   1.06520
 kJ/(kgK)
hmix=   427.997 kJ/(kgK)
lambdamix=    17.820
hmix=   427.997kJ/(kgK), tmix=   425.746 K, cpmix=   1.00529 kJ/(kgK)
