 A B C from UIN
a=8 b=2 c=9
Tair=   290.000 K hair=   290.069 kJ/kg
lambda=     3.900
Thot=   970.000K hhot=  1030.885 kJ/kg
cpair=   1.00024 kJ/(kgK) cphot=   1.06277
 kJ/(kgK)
lambdamix=    25.740
hmix=   403.975kJ/(kgK) tmix=   402.444 [K] cpmix=   1.00381 kJ/(kgK)
