 A B C from UIN
a=3 b=9 c=9
Tair=   290.000 K, hair=   290.069 kJ/kg
lambda=     3.900
Thot=  1040.000K, hhot=  1113.077 kJ/kg
cpair=   1.00024 kJ/(kgK), cphot=   1.07027
 kJ/(kgK)
hmix=   439.140 kJ/(kgK)
lambdamix=    21.840
hmix=   439.140kJ/(kgK), tmix=   436.845 K, cpmix=   1.00525 kJ/(kgK)
