 A B C from UIN
a=7 b=8 c=4
Tair=   290.000 K, hair=   290.069 kJ/kg
lambda=     3.400
Thot=  1030.000K, hhot=  1104.324 kJ/kg
cpair=   1.00024 kJ/(kgK), cphot=   1.07216
 kJ/(kgK)
hmix=   419.444 kJ/(kgK)
lambdamix=    21.760
hmix=   419.444kJ/(kgK), tmix=   417.530 K, cpmix=   1.00458 kJ/(kgK)
