 A B C from UIN
a=7 b=0 c=4
Tair=   290.000 K, hair=   290.069 kJ/kg
lambda=     3.400
Thot=   950.000K, hhot=  1010.203 kJ/kg
cpair=   1.00024 kJ/(kgK), cphot=   1.06337
 kJ/(kgK)
hmix=   404.489 kJ/(kgK)
lambdamix=    21.760
hmix=   404.489kJ/(kgK), tmix=   402.837 K, cpmix=   1.00410 kJ/(kgK)
