 A B C from UIN
a=0 b=0 c=1
Tair=   290.000 K, hair=   290.069 kJ/kg
lambda=     3.100
Thot=   950.000K, hhot=  1012.205 kJ/kg
cpair=   1.00024 kJ/(kgK), cphot=   1.06548
 kJ/(kgK)
hmix=   437.028 kJ/(kgK)
lambdamix=    15.500
hmix=   437.028kJ/(kgK), tmix=   434.447 K, cpmix=   1.00594 kJ/(kgK)
